Webots Project File version R2023b
perspectives: 000000ff00000000fd00000003000000000000000000000000fc0100000001fb0000001a0044006f00630075006d0065006e0074006100740069006f006e0000000000000000140000000000000000000000010000031a0000044bfc0200000001fb0000001400540065007800740045006400690074006f007201000000160000044b0000003f00ffffff00000003000009ba000000e7fc0100000001fb0000001a0043006f006e0073006f006c00650041006c006c0041006c006c0100000000000009ba0000006900ffffff0000069e0000044b00000001000000020000000100000008fc00000000
simulationViewPerspectives: 000000ff00000001000000020000028e000004540100000002010000000100
sceneTreePerspectives: 000000ff00000001000000030000001c000000c0000001f80100000002010000000200
maximizedDockId: -1
centralWidgetVisible: 1
orthographicViewHeight: 1
textFiles: -1
consoles: Console:All:All
renderingDevicePerspectives: P3Bot:camera_360_1;0;0.447917;0;0
renderingDevicePerspectives: P3Bot:camera_360_2;0;0.447917;0;0
